async function startProgram() {
	await scrollMatrixText('hello machai', { r: 93, g: 148, b: 255 }, 15, true);
	clearMatrix();
	playMatrixAnimation(0, true);
	await roll(0, 50, 3);
	await roll(90, 50, 3);
	await roll(180, 50, 3);
	await roll(270, 50, 3);
	stopRoll();
	clearMatrix();
	playMatrixAnimation(1, true);
	await roll(0, 50, 3);
	setSpeed(77);
	await spin(720, 10);
	stopRoll();
	clearMatrix();
	playMatrixAnimation(2, true);
	await roll(90, 35, 5);
	await roll(320, 35, 5);
	await roll(200, 35, 5);
	clearMatrix();
	playMatrixAnimation(3, true);
}

registerMatrixAnimation({
	frames: [[[2, 1, 1, 1, 2, 1, 2, 1], [1, 1, 2, 1, 1, 1, 1, 1], [1, 1, 1, 1, 1, 1, 2, 1], [2, 1, 8, 1, 3, 1, 1, 1], [1, 1, 1, 1, 1, 1, 1, 1], [1, 1, 3, 1, 1, 1, 1, 1], [1, 1, 1, 1, 1, 1, 1, 1], [1, 1, 1, 1, 1, 1, 1, 1]]],
	palette: [{ r: 255, g: 255, b: 255 }, { r: 0, g: 0, b: 0 }, { r: 255, g: 0, b: 0 }, { r: 255, g: 64, b: 0 }, { r: 255, g: 128, b: 0 }, { r: 255, g: 191, b: 0 }, { r: 255, g: 255, b: 0 }, { r: 185, g: 246, b: 30 }, { r: 0, g: 255, b: 0 }, { r: 185, g: 255, b: 255 }, { r: 0, g: 255, b: 255 }, { r: 0, g: 0, b: 255 }, { r: 145, g: 0, b: 211 }, { r: 157, g: 48, b: 118 }, { r: 255, g: 0, b: 255 }, { r: 204, g: 27, b: 126 }],
	fps: 10,
	transition: MatrixAnimationTransition.None
});
registerMatrixAnimation({
	frames: [[[1, 1, 4, 4, 4, 4, 1, 1], [1, 4, 4, 4, 4, 4, 4, 1], [1, 4, 4, 1, 1, 4, 4, 1], [1, 1, 1, 1, 1, 4, 4, 1], [1, 1, 1, 1, 4, 4, 1, 1], [1, 1, 1, 4, 4, 1, 1, 1], [1, 1, 1, 1, 1, 1, 1, 1], [1, 1, 1, 4, 4, 1, 1, 1]], [[6, 6, 2, 2, 2, 2, 6, 6], [6, 2, 2, 2, 2, 2, 2, 6], [6, 2, 2, 6, 6, 2, 2, 6], [6, 6, 6, 6, 6, 2, 2, 6], [6, 6, 6, 6, 2, 2, 6, 6], [6, 6, 6, 2, 2, 6, 6, 6], [6, 6, 6, 6, 6, 6, 6, 6], [6, 6, 6, 2, 2, 6, 6, 6]], [[14, 14, 13, 13, 13, 13, 14, 14], [14, 13, 13, 13, 13, 13, 13, 14], [14, 13, 13, 14, 14, 13, 13, 14], [14, 14, 14, 14, 14, 13, 13, 14], [14, 14, 14, 14, 13, 13, 14, 14], [14, 14, 14, 13, 13, 14, 14, 14], [14, 14, 14, 14, 14, 14, 14, 14], [14, 14, 14, 13, 13, 14, 14, 14]]],
	palette: [{ r: 255, g: 255, b: 255 }, { r: 0, g: 0, b: 0 }, { r: 255, g: 0, b: 0 }, { r: 255, g: 64, b: 0 }, { r: 255, g: 128, b: 0 }, { r: 255, g: 191, b: 0 }, { r: 255, g: 255, b: 0 }, { r: 185, g: 246, b: 30 }, { r: 0, g: 255, b: 0 }, { r: 185, g: 255, b: 255 }, { r: 0, g: 255, b: 255 }, { r: 0, g: 0, b: 255 }, { r: 145, g: 0, b: 211 }, { r: 120, g: 2, b: 1 }, { r: 105, g: 107, b: 2 }, { r: 204, g: 27, b: 126 }],
	fps: 10,
	transition: MatrixAnimationTransition.None
});
registerMatrixAnimation({
	frames: [[[1, 2, 1, 1, 1, 1, 2, 1], [2, 2, 2, 1, 1, 2, 2, 2], [1, 2, 2, 2, 2, 2, 2, 1], [1, 1, 2, 2, 2, 2, 1, 1], [1, 1, 2, 2, 2, 2, 1, 1], [1, 2, 2, 2, 2, 2, 2, 1], [2, 2, 2, 1, 1, 2, 2, 2], [1, 2, 1, 1, 1, 1, 2, 1]], [[1, 2, 1, 1, 1, 1, 2, 1], [2, 2, 2, 1, 1, 2, 2, 2], [1, 2, 2, 2, 2, 2, 2, 1], [1, 1, 2, 2, 2, 2, 1, 1], [1, 1, 2, 2, 2, 2, 1, 1], [1, 2, 2, 2, 2, 2, 2, 1], [2, 2, 2, 1, 1, 2, 2, 2], [1, 2, 1, 1, 1, 1, 2, 1]], [[1, 2, 1, 1, 1, 1, 2, 1], [2, 2, 2, 1, 1, 2, 2, 2], [1, 2, 2, 2, 2, 2, 2, 1], [1, 1, 2, 2, 2, 2, 1, 1], [1, 1, 2, 2, 2, 2, 1, 1], [1, 2, 2, 2, 2, 2, 2, 1], [2, 2, 2, 1, 1, 2, 2, 2], [1, 2, 1, 1, 1, 1, 2, 1]], [[1, 2, 1, 1, 1, 1, 2, 1], [2, 2, 2, 1, 1, 2, 2, 2], [1, 2, 2, 2, 2, 2, 2, 1], [1, 1, 2, 2, 2, 2, 1, 1], [1, 1, 2, 2, 2, 2, 1, 1], [1, 2, 2, 2, 2, 2, 2, 1], [2, 2, 2, 1, 1, 2, 2, 2], [1, 2, 1, 1, 1, 1, 2, 1]], [[1, 2, 1, 1, 1, 1, 2, 1], [2, 2, 2, 1, 1, 2, 2, 2], [1, 2, 2, 2, 2, 2, 2, 1], [1, 1, 2, 2, 2, 2, 1, 1], [1, 1, 2, 2, 2, 2, 1, 1], [1, 2, 2, 2, 2, 2, 2, 1], [2, 2, 2, 1, 1, 2, 2, 2], [1, 2, 1, 1, 1, 1, 2, 1]], [[1, 2, 1, 1, 1, 1, 2, 1], [2, 2, 2, 1, 1, 2, 2, 2], [1, 2, 2, 2, 2, 2, 2, 1], [1, 1, 2, 2, 2, 2, 1, 1], [1, 1, 2, 2, 2, 2, 1, 1], [1, 2, 2, 2, 2, 2, 2, 1], [2, 2, 2, 1, 1, 2, 2, 2], [1, 2, 1, 1, 1, 1, 2, 1]], [[1, 2, 1, 1, 1, 1, 2, 1], [2, 2, 2, 1, 1, 2, 2, 2], [1, 2, 2, 2, 2, 2, 2, 1], [1, 1, 2, 2, 2, 2, 1, 1], [1, 1, 2, 2, 2, 2, 1, 1], [1, 2, 2, 2, 2, 2, 2, 1], [2, 2, 2, 1, 1, 2, 2, 2], [1, 2, 1, 1, 1, 1, 2, 1]], [[1, 2, 1, 1, 1, 1, 2, 1], [2, 2, 2, 1, 1, 2, 2, 2], [1, 2, 2, 2, 2, 2, 2, 1], [1, 1, 2, 2, 2, 2, 1, 1], [1, 1, 2, 2, 2, 2, 1, 1], [1, 2, 2, 2, 2, 2, 2, 1], [2, 2, 2, 1, 1, 2, 2, 2], [1, 2, 1, 1, 1, 1, 2, 1]], [[1, 2, 1, 1, 1, 1, 2, 1], [2, 2, 2, 1, 1, 2, 2, 2], [1, 2, 2, 2, 2, 2, 2, 1], [1, 1, 2, 2, 2, 2, 1, 1], [1, 1, 2, 2, 2, 2, 1, 1], [1, 2, 2, 2, 2, 2, 2, 1], [2, 2, 2, 1, 1, 2, 2, 2], [1, 2, 1, 1, 1, 1, 2, 1]], [[1, 1, 2, 1, 1, 1, 1, 2], [1, 2, 2, 2, 1, 1, 2, 2], [1, 1, 2, 2, 2, 2, 2, 2], [1, 1, 1, 2, 2, 2, 2, 1], [1, 1, 1, 2, 2, 2, 2, 1], [1, 1, 2, 2, 2, 2, 2, 2], [1, 2, 2, 2, 1, 1, 2, 2], [1, 1, 2, 1, 1, 1, 1, 2]], [[1, 1, 1, 2, 1, 1, 1, 1], [1, 1, 2, 2, 2, 1, 1, 2], [1, 1, 1, 2, 2, 2, 2, 2], [1, 1, 1, 1, 2, 2, 2, 2], [1, 1, 1, 1, 2, 2, 2, 2], [1, 1, 1, 2, 2, 2, 2, 2], [1, 1, 2, 2, 2, 1, 1, 2], [1, 1, 1, 2, 1, 1, 1, 1]], [[1, 1, 2, 1, 1, 1, 1, 2], [1, 2, 2, 2, 1, 1, 2, 2], [1, 1, 2, 2, 2, 2, 2, 2], [1, 1, 1, 2, 2, 2, 2, 1], [1, 1, 1, 2, 2, 2, 2, 1], [1, 1, 2, 2, 2, 2, 2, 2], [1, 2, 2, 2, 1, 1, 2, 2], [1, 1, 2, 1, 1, 1, 1, 2]], [[1, 2, 1, 1, 1, 1, 2, 1], [2, 2, 2, 1, 1, 2, 2, 2], [1, 2, 2, 2, 2, 2, 2, 1], [1, 1, 2, 2, 2, 2, 1, 1], [1, 1, 2, 2, 2, 2, 1, 1], [1, 2, 2, 2, 2, 2, 2, 1], [2, 2, 2, 1, 1, 2, 2, 2], [1, 2, 1, 1, 1, 1, 2, 1]], [[2, 1, 1, 1, 1, 2, 1, 1], [2, 2, 1, 1, 2, 2, 2, 1], [2, 2, 2, 2, 2, 2, 1, 1], [1, 2, 2, 2, 2, 1, 1, 1], [1, 2, 2, 2, 2, 1, 1, 1], [2, 2, 2, 2, 2, 2, 1, 1], [2, 2, 1, 1, 2, 2, 2, 1], [2, 1, 1, 1, 1, 2, 1, 1]], [[1, 1, 1, 1, 2, 1, 1, 1], [2, 1, 1, 2, 2, 2, 1, 1], [2, 2, 2, 2, 2, 1, 1, 1], [2, 2, 2, 2, 1, 1, 1, 1], [2, 2, 2, 2, 1, 1, 1, 1], [2, 2, 2, 2, 2, 1, 1, 1], [2, 1, 1, 2, 2, 2, 1, 1], [1, 1, 1, 1, 2, 1, 1, 1]], [[2, 1, 1, 1, 1, 2, 1, 1], [2, 2, 1, 1, 2, 2, 2, 1], [2, 2, 2, 2, 2, 2, 1, 1], [1, 2, 2, 2, 2, 1, 1, 1], [1, 2, 2, 2, 2, 1, 1, 1], [2, 2, 2, 2, 2, 2, 1, 1], [2, 2, 1, 1, 2, 2, 2, 1], [2, 1, 1, 1, 1, 2, 1, 1]], [[1, 2, 1, 1, 1, 1, 2, 1], [2, 2, 2, 1, 1, 2, 2, 2], [1, 2, 2, 2, 2, 2, 2, 1], [1, 1, 2, 2, 2, 2, 1, 1], [1, 1, 2, 2, 2, 2, 1, 1], [1, 2, 2, 2, 2, 2, 2, 1], [2, 2, 2, 1, 1, 2, 2, 2], [1, 2, 1, 1, 1, 1, 2, 1]], [[1, 1, 2, 1, 1, 1, 1, 2], [1, 2, 2, 2, 1, 1, 2, 2], [1, 1, 2, 2, 2, 2, 2, 2], [1, 1, 1, 2, 2, 2, 2, 1], [1, 1, 1, 2, 2, 2, 2, 1], [1, 1, 2, 2, 2, 2, 2, 2], [1, 2, 2, 2, 1, 1, 2, 2], [1, 1, 2, 1, 1, 1, 1, 2]], [[1, 1, 1, 2, 1, 1, 1, 1], [1, 1, 2, 2, 2, 1, 1, 2], [1, 1, 1, 2, 2, 2, 2, 2], [1, 1, 1, 1, 2, 2, 2, 2], [1, 1, 1, 1, 2, 2, 2, 2], [1, 1, 1, 2, 2, 2, 2, 2], [1, 1, 2, 2, 2, 1, 1, 2], [1, 1, 1, 2, 1, 1, 1, 1]], [[1, 1, 2, 1, 1, 1, 1, 2], [1, 2, 2, 2, 1, 1, 2, 2], [1, 1, 2, 2, 2, 2, 2, 2], [1, 1, 1, 2, 2, 2, 2, 1], [1, 1, 1, 2, 2, 2, 2, 1], [1, 1, 2, 2, 2, 2, 2, 2], [1, 2, 2, 2, 1, 1, 2, 2], [1, 1, 2, 1, 1, 1, 1, 2]], [[1, 2, 1, 1, 1, 1, 2, 1], [2, 2, 2, 1, 1, 2, 2, 2], [1, 2, 2, 2, 2, 2, 2, 1], [1, 1, 2, 2, 2, 2, 1, 1], [1, 1, 2, 2, 2, 2, 1, 1], [1, 2, 2, 2, 2, 2, 2, 1], [2, 2, 2, 1, 1, 2, 2, 2], [1, 2, 1, 1, 1, 1, 2, 1]], [[2, 1, 1, 1, 1, 2, 1, 1], [2, 2, 1, 1, 2, 2, 2, 1], [2, 2, 2, 2, 2, 2, 1, 1], [1, 2, 2, 2, 2, 1, 1, 1], [1, 2, 2, 2, 2, 1, 1, 1], [2, 2, 2, 2, 2, 2, 1, 1], [2, 2, 1, 1, 2, 2, 2, 1], [2, 1, 1, 1, 1, 2, 1, 1]], [[1, 1, 1, 1, 2, 1, 1, 1], [2, 1, 1, 2, 2, 2, 1, 1], [2, 2, 2, 2, 2, 1, 1, 1], [2, 2, 2, 2, 1, 1, 1, 1], [2, 2, 2, 2, 1, 1, 1, 1], [2, 2, 2, 2, 2, 1, 1, 1], [2, 1, 1, 2, 2, 2, 1, 1], [1, 1, 1, 1, 2, 1, 1, 1]], [[2, 1, 1, 1, 1, 2, 1, 1], [2, 2, 1, 1, 2, 2, 2, 1], [2, 2, 2, 2, 2, 2, 1, 1], [1, 2, 2, 2, 2, 1, 1, 1], [1, 2, 2, 2, 2, 1, 1, 1], [2, 2, 2, 2, 2, 2, 1, 1], [2, 2, 1, 1, 2, 2, 2, 1], [2, 1, 1, 1, 1, 2, 1, 1]], [[1, 2, 1, 1, 1, 1, 2, 1], [2, 2, 2, 1, 1, 2, 2, 2], [1, 2, 2, 2, 2, 2, 2, 1], [1, 1, 2, 2, 2, 2, 1, 1], [1, 1, 2, 2, 2, 2, 1, 1], [1, 2, 2, 2, 2, 2, 2, 1], [2, 2, 2, 1, 1, 2, 2, 2], [1, 2, 1, 1, 1, 1, 2, 1]], [[1, 2, 1, 1, 1, 1, 2, 1], [2, 2, 2, 1, 1, 2, 2, 2], [1, 2, 2, 2, 2, 2, 2, 1], [1, 1, 2, 2, 2, 2, 1, 1], [1, 1, 2, 2, 2, 2, 1, 1], [1, 2, 2, 2, 2, 2, 2, 1], [2, 2, 2, 1, 1, 2, 2, 2], [1, 2, 1, 1, 1, 1, 2, 1]], [[1, 2, 1, 1, 1, 1, 2, 1], [2, 2, 2, 1, 1, 2, 2, 2], [1, 2, 2, 2, 2, 2, 2, 1], [1, 1, 2, 2, 2, 2, 1, 1], [1, 1, 2, 2, 2, 2, 1, 1], [1, 2, 2, 2, 2, 2, 2, 1], [2, 2, 2, 1, 1, 2, 2, 2], [1, 2, 1, 1, 1, 1, 2, 1]], [[1, 2, 1, 1, 1, 1, 2, 1], [2, 2, 2, 1, 1, 2, 2, 2], [1, 2, 2, 2, 2, 2, 2, 1], [1, 1, 2, 2, 2, 2, 1, 1], [1, 1, 2, 2, 2, 2, 1, 1], [1, 2, 2, 2, 2, 2, 2, 1], [2, 2, 2, 1, 1, 2, 2, 2], [1, 2, 1, 1, 1, 1, 2, 1]], [[1, 2, 1, 1, 1, 1, 2, 1], [2, 2, 2, 1, 1, 2, 2, 2], [1, 2, 2, 2, 2, 2, 2, 1], [1, 1, 2, 2, 2, 2, 1, 1], [1, 1, 2, 2, 2, 2, 1, 1], [1, 2, 2, 2, 2, 2, 2, 1], [2, 2, 2, 1, 1, 2, 2, 2], [1, 2, 1, 1, 1, 1, 2, 1]], [[1, 2, 1, 1, 1, 1, 2, 1], [2, 2, 2, 1, 1, 2, 2, 2], [1, 2, 2, 2, 2, 2, 2, 1], [1, 1, 2, 2, 2, 2, 1, 1], [1, 1, 2, 2, 2, 2, 1, 1], [1, 2, 2, 2, 2, 2, 2, 1], [2, 2, 2, 1, 1, 2, 2, 2], [1, 2, 1, 1, 1, 1, 2, 1]], [[1, 2, 1, 1, 1, 1, 2, 1], [2, 2, 2, 1, 1, 2, 2, 2], [1, 2, 2, 2, 2, 2, 2, 1], [1, 1, 2, 2, 2, 2, 1, 1], [1, 1, 2, 2, 2, 2, 1, 1], [1, 2, 2, 2, 2, 2, 2, 1], [2, 2, 2, 1, 1, 2, 2, 2], [1, 2, 1, 1, 1, 1, 2, 1]], [[1, 2, 1, 1, 1, 1, 2, 1], [2, 2, 2, 1, 1, 2, 2, 2], [1, 2, 2, 2, 2, 2, 2, 1], [1, 1, 2, 2, 1, 2, 1, 1], [1, 1, 2, 1, 2, 2, 1, 1], [1, 2, 2, 2, 1, 2, 2, 1], [2, 2, 2, 1, 1, 2, 2, 2], [1, 2, 1, 1, 1, 1, 2, 1]], [[1, 2, 1, 1, 1, 1, 2, 1], [2, 2, 2, 1, 1, 2, 2, 2], [1, 2, 1, 2, 2, 2, 1, 1], [1, 1, 2, 1, 1, 2, 1, 1], [1, 1, 1, 1, 2, 2, 1, 1], [1, 2, 2, 2, 1, 2, 2, 1], [2, 2, 2, 1, 1, 2, 1, 2], [1, 2, 1, 1, 1, 1, 2, 1]], [[1, 1, 1, 1, 1, 1, 1, 1], [2, 1, 2, 1, 1, 2, 2, 2], [1, 2, 1, 2, 2, 2, 1, 1], [1, 1, 2, 1, 1, 1, 1, 1], [1, 1, 1, 1, 2, 1, 1, 1], [1, 2, 2, 2, 1, 2, 2, 1], [2, 1, 1, 1, 1, 2, 1, 2], [1, 2, 1, 1, 1, 1, 2, 1]], [[1, 1, 1, 1, 1, 1, 1, 1], [2, 1, 2, 1, 1, 2, 1, 2], [1, 2, 1, 1, 1, 2, 1, 1], [1, 1, 1, 1, 1, 1, 1, 1], [1, 1, 1, 1, 1, 1, 1, 1], [1, 2, 1, 2, 1, 1, 1, 1], [2, 1, 1, 1, 1, 2, 1, 2], [1, 2, 1, 1, 1, 1, 2, 1]], [[1, 1, 1, 1, 1, 1, 1, 1], [2, 1, 1, 1, 1, 2, 1, 2], [1, 2, 1, 1, 1, 1, 1, 1], [1, 1, 1, 1, 1, 1, 1, 1], [1, 1, 1, 1, 1, 1, 1, 1], [1, 2, 1, 1, 1, 1, 1, 1], [1, 1, 1, 1, 1, 1, 1, 1], [1, 2, 1, 1, 1, 1, 2, 1]], [[1, 1, 1, 1, 1, 1, 1, 1], [1, 1, 1, 1, 1, 1, 1, 1], [1, 1, 1, 1, 1, 1, 1, 1], [1, 1, 1, 1, 1, 1, 1, 1], [1, 1, 1, 1, 1, 1, 1, 1], [1, 1, 1, 1, 1, 1, 1, 1], [1, 1, 1, 1, 1, 1, 1, 1], [1, 1, 1, 1, 1, 1, 1, 1]], [[1, 1, 1, 1, 1, 1, 1, 1], [1, 1, 1, 1, 1, 1, 1, 1], [1, 1, 1, 1, 1, 1, 1, 1], [1, 1, 1, 1, 1, 1, 1, 1], [1, 1, 1, 1, 1, 1, 1, 1], [1, 1, 1, 1, 1, 1, 1, 1], [1, 1, 1, 1, 1, 1, 1, 1], [1, 1, 1, 1, 1, 1, 1, 1]], [[1, 1, 1, 1, 1, 1, 1, 1], [1, 1, 1, 1, 1, 1, 1, 1], [1, 1, 1, 1, 1, 1, 1, 1], [1, 1, 1, 1, 1, 1, 1, 1], [1, 1, 1, 1, 1, 1, 1, 1], [1, 1, 1, 1, 1, 1, 1, 1], [1, 1, 1, 1, 1, 1, 1, 1], [1, 1, 1, 1, 1, 1, 1, 1]], [[1, 1, 1, 1, 1, 1, 1, 1], [1, 1, 1, 1, 1, 1, 1, 1], [1, 1, 1, 1, 1, 1, 1, 1], [1, 1, 1, 1, 1, 1, 1, 1], [1, 1, 1, 1, 1, 1, 1, 1], [1, 1, 1, 1, 1, 1, 1, 1], [1, 1, 1, 1, 1, 1, 1, 1], [1, 1, 1, 1, 1, 1, 1, 1]], [[1, 1, 1, 1, 1, 1, 1, 1], [1, 1, 1, 1, 1, 1, 1, 1], [1, 1, 1, 1, 1, 1, 1, 1], [1, 1, 1, 1, 1, 1, 1, 1], [1, 1, 1, 1, 1, 1, 1, 1], [1, 1, 1, 1, 1, 1, 1, 1], [1, 1, 1, 1, 1, 1, 1, 1], [1, 1, 1, 1, 1, 1, 1, 1]], [[1, 1, 1, 1, 1, 1, 1, 1], [1, 1, 1, 1, 1, 1, 1, 1], [1, 1, 1, 1, 1, 1, 1, 1], [1, 1, 1, 1, 1, 1, 1, 1], [1, 1, 1, 1, 1, 1, 1, 1], [1, 1, 1, 1, 1, 1, 1, 1], [1, 1, 1, 1, 1, 1, 1, 1], [1, 1, 1, 1, 1, 1, 1, 1]], [[1, 1, 1, 1, 1, 1, 1, 1], [1, 1, 1, 1, 1, 1, 1, 1], [1, 1, 1, 1, 1, 1, 1, 1], [1, 1, 1, 1, 1, 1, 1, 1], [1, 1, 1, 1, 1, 1, 1, 1], [1, 1, 1, 1, 1, 1, 1, 1], [1, 1, 1, 1, 1, 1, 1, 1], [1, 1, 1, 1, 1, 1, 1, 1]], [[1, 1, 1, 1, 1, 1, 1, 1], [1, 1, 1, 1, 1, 1, 1, 1], [1, 1, 1, 1, 1, 1, 1, 1], [1, 1, 1, 5, 5, 1, 1, 1], [1, 1, 1, 5, 5, 1, 1, 1], [1, 1, 1, 1, 1, 1, 1, 1], [1, 1, 1, 1, 1, 1, 1, 1], [1, 1, 1, 1, 1, 1, 1, 1]], [[1, 1, 1, 1, 1, 1, 1, 1], [1, 1, 1, 1, 1, 1, 1, 1], [1, 1, 1, 5, 5, 1, 1, 1], [1, 1, 5, 2, 2, 5, 1, 1], [1, 1, 5, 2, 2, 5, 1, 1], [1, 1, 1, 5, 5, 1, 1, 1], [1, 1, 1, 1, 1, 1, 1, 1], [1, 1, 1, 1, 1, 1, 1, 1]], [[1, 1, 1, 1, 1, 1, 1, 1], [1, 1, 5, 1, 1, 5, 1, 1], [1, 5, 2, 2, 2, 2, 5, 1], [1, 1, 2, 2, 2, 2, 1, 1], [1, 1, 2, 2, 2, 2, 1, 1], [1, 5, 2, 2, 2, 2, 5, 1], [1, 1, 5, 1, 1, 5, 1, 1], [1, 1, 1, 1, 1, 1, 1, 1]], [[1, 5, 1, 1, 1, 1, 5, 1], [5, 2, 2, 1, 1, 2, 2, 5], [1, 2, 2, 2, 2, 2, 2, 1], [1, 1, 2, 2, 2, 2, 1, 1], [1, 1, 2, 2, 2, 2, 1, 1], [1, 2, 2, 2, 2, 2, 2, 1], [5, 2, 2, 1, 1, 2, 2, 5], [1, 5, 1, 1, 1, 1, 5, 1]], [[5, 2, 1, 1, 1, 1, 2, 5], [2, 2, 2, 1, 1, 2, 2, 2], [1, 2, 2, 2, 2, 2, 2, 1], [1, 1, 2, 2, 2, 2, 1, 1], [1, 1, 2, 2, 2, 2, 1, 1], [1, 2, 2, 2, 2, 2, 2, 1], [2, 2, 2, 1, 1, 2, 2, 2], [5, 2, 1, 1, 1, 1, 2, 5]]],
	palette: [{ r: 255, g: 255, b: 255 }, { r: 0, g: 0, b: 0 }, { r: 255, g: 0, b: 0 }, { r: 166, g: 42, b: 0 }, { r: 51, g: 3, b: 1 }, { r: 255, g: 191, b: 0 }, { r: 255, g: 255, b: 0 }, { r: 185, g: 246, b: 30 }, { r: 0, g: 255, b: 0 }, { r: 185, g: 255, b: 255 }, { r: 0, g: 255, b: 255 }, { r: 0, g: 0, b: 255 }, { r: 145, g: 0, b: 211 }, { r: 157, g: 48, b: 118 }, { r: 255, g: 0, b: 255 }, { r: 204, g: 27, b: 126 }],
	fps: 18,
	transition: MatrixAnimationTransition.None
});
registerMatrixAnimation({
	frames: [[[1, 1, 1, 1, 1, 1, 1, 1], [1, 1, 1, 1, 1, 1, 1, 1], [1, 1, 1, 1, 1, 1, 1, 1], [1, 1, 1, 0, 0, 1, 1, 1], [1, 1, 1, 0, 0, 1, 1, 1], [1, 1, 1, 1, 1, 1, 1, 1], [1, 1, 1, 1, 1, 1, 1, 1], [1, 1, 1, 1, 1, 1, 1, 1]], [[1, 1, 1, 1, 1, 1, 1, 1], [1, 1, 1, 1, 1, 1, 1, 1], [1, 1, 1, 0, 0, 1, 1, 1], [1, 1, 0, 1, 1, 0, 1, 1], [1, 1, 0, 1, 1, 0, 1, 1], [1, 1, 1, 0, 0, 1, 1, 1], [1, 1, 1, 1, 1, 1, 1, 1], [1, 1, 1, 1, 1, 1, 1, 1]], [[1, 1, 1, 1, 1, 1, 1, 1], [1, 1, 0, 0, 0, 0, 1, 1], [1, 0, 1, 1, 1, 1, 0, 1], [1, 0, 1, 1, 1, 1, 0, 1], [1, 0, 1, 1, 1, 1, 0, 1], [1, 0, 1, 1, 1, 1, 0, 1], [1, 1, 0, 0, 0, 0, 1, 1], [1, 1, 1, 1, 1, 1, 1, 1]], [[1, 1, 0, 0, 0, 0, 1, 1], [1, 0, 1, 1, 1, 1, 0, 1], [0, 1, 1, 1, 1, 1, 1, 0], [0, 1, 1, 1, 1, 1, 1, 0], [0, 1, 1, 1, 1, 1, 1, 0], [0, 1, 1, 1, 1, 1, 1, 0], [1, 0, 1, 1, 1, 1, 0, 1], [1, 1, 0, 0, 0, 0, 1, 1]], [[1, 1, 1, 1, 1, 1, 1, 1], [1, 4, 1, 1, 1, 1, 1, 1], [1, 1, 1, 1, 1, 1, 1, 1], [1, 1, 1, 0, 0, 1, 1, 1], [1, 1, 1, 0, 0, 1, 1, 1], [1, 1, 4, 1, 1, 1, 1, 1], [1, 1, 1, 1, 1, 1, 1, 1], [1, 1, 1, 1, 1, 1, 1, 1]], [[3, 1, 3, 1, 1, 1, 1, 1], [1, 1, 1, 1, 1, 1, 1, 1], [3, 1, 3, 1, 1, 1, 1, 1], [1, 1, 1, 1, 0, 0, 1, 1], [1, 3, 1, 0, 1, 1, 0, 1], [1, 1, 1, 0, 1, 1, 0, 1], [1, 3, 1, 3, 0, 0, 1, 1], [1, 1, 1, 1, 1, 1, 1, 1]], [[1, 1, 1, 1, 1, 1, 1, 1], [1, 1, 1, 1, 1, 1, 1, 1], [1, 1, 1, 1, 1, 1, 1, 1], [2, 1, 1, 2, 0, 0, 0, 1], [1, 1, 1, 0, 1, 1, 1, 0], [1, 1, 1, 0, 1, 1, 1, 0], [1, 1, 1, 0, 1, 1, 1, 0], [2, 1, 1, 1, 0, 0, 0, 1]], [[1, 1, 1, 1, 1, 1, 1, 1], [1, 1, 1, 1, 1, 1, 1, 1], [1, 1, 1, 1, 1, 1, 1, 1], [1, 1, 1, 1, 1, 1, 1, 1], [1, 1, 1, 1, 1, 0, 0, 1], [1, 1, 1, 1, 0, 1, 1, 0], [1, 1, 1, 1, 0, 1, 1, 0], [1, 1, 1, 1, 1, 0, 0, 1]], [[1, 1, 1, 1, 1, 1, 1, 1], [1, 1, 1, 1, 1, 1, 1, 1], [1, 1, 1, 1, 1, 10, 1, 1], [1, 1, 1, 1, 1, 1, 1, 1], [1, 1, 1, 1, 1, 1, 1, 1], [1, 1, 1, 1, 1, 1, 0, 0], [1, 1, 1, 1, 1, 1, 0, 0], [1, 1, 1, 1, 1, 1, 1, 1]], [[1, 1, 1, 1, 1, 1, 1, 1], [1, 1, 1, 1, 1, 10, 1, 1], [1, 1, 1, 1, 10, 10, 10, 1], [1, 1, 1, 1, 1, 10, 1, 1], [1, 1, 1, 1, 1, 0, 0, 1], [1, 1, 1, 1, 0, 1, 1, 0], [1, 1, 1, 1, 0, 1, 1, 0], [1, 1, 1, 1, 1, 0, 0, 1]], [[1, 1, 1, 1, 11, 1, 1, 1], [1, 1, 1, 1, 10, 1, 1, 1], [1, 1, 11, 10, 1, 10, 11, 1], [1, 1, 1, 1, 0, 0, 0, 1], [1, 1, 1, 0, 11, 1, 1, 0], [1, 1, 1, 0, 1, 1, 1, 0], [1, 1, 1, 0, 1, 1, 1, 0], [1, 1, 1, 1, 0, 0, 0, 1]], [[1, 1, 1, 1, 11, 1, 1, 1], [1, 1, 1, 1, 1, 1, 1, 1], [1, 12, 11, 1, 1, 1, 11, 12], [1, 1, 1, 1, 0, 0, 1, 1], [1, 1, 1, 0, 11, 1, 0, 1], [1, 1, 1, 0, 12, 1, 0, 1], [1, 1, 1, 1, 0, 0, 1, 1], [1, 1, 1, 1, 1, 1, 1, 1]], [[1, 1, 1, 1, 1, 1, 1, 1], [1, 1, 1, 1, 1, 1, 1, 1], [12, 12, 1, 0, 0, 0, 0, 12], [1, 1, 0, 1, 1, 1, 1, 0], [1, 1, 0, 1, 1, 1, 1, 0], [1, 1, 0, 1, 12, 1, 1, 0], [1, 1, 0, 1, 12, 1, 1, 0], [1, 1, 1, 0, 0, 0, 0, 1]], [[1, 1, 1, 1, 1, 1, 1, 1], [1, 1, 0, 0, 0, 0, 0, 0], [1, 0, 1, 1, 1, 1, 1, 1], [1, 0, 1, 1, 1, 1, 1, 1], [1, 0, 1, 1, 1, 1, 1, 1], [1, 0, 1, 1, 1, 1, 1, 1], [1, 0, 1, 1, 12, 1, 1, 1], [1, 0, 1, 1, 12, 1, 1, 1]], [[1, 0, 0, 0, 0, 0, 0, 0], [0, 1, 1, 1, 1, 1, 1, 1], [0, 1, 1, 1, 1, 1, 1, 1], [0, 1, 1, 1, 1, 1, 1, 1], [0, 1, 1, 1, 1, 1, 1, 1], [0, 1, 1, 1, 1, 1, 1, 1], [0, 1, 1, 1, 1, 1, 1, 1], [0, 1, 1, 1, 12, 1, 1, 1]], [[1, 1, 1, 1, 1, 1, 1, 1], [1, 1, 1, 1, 1, 1, 1, 1], [1, 1, 1, 1, 1, 1, 1, 1], [1, 1, 1, 8, 8, 1, 1, 1], [1, 1, 11, 8, 8, 1, 1, 1], [1, 1, 11, 11, 1, 1, 1, 1], [1, 1, 1, 1, 1, 1, 1, 1], [1, 1, 1, 1, 1, 1, 1, 1]], [[1, 1, 1, 1, 1, 1, 1, 1], [1, 1, 1, 1, 1, 1, 1, 1], [1, 1, 1, 8, 8, 1, 1, 1], [1, 1, 8, 11, 1, 8, 1, 1], [1, 11, 8, 1, 11, 8, 1, 1], [1, 11, 1, 8, 8, 1, 1, 1], [1, 1, 11, 11, 1, 1, 1, 1], [1, 1, 1, 1, 1, 1, 1, 1]], [[1, 1, 1, 1, 1, 1, 1, 1], [1, 1, 8, 8, 8, 8, 1, 1], [1, 8, 1, 1, 1, 1, 8, 1], [1, 8, 11, 11, 11, 1, 8, 1], [1, 8, 1, 1, 1, 11, 8, 1], [1, 8, 1, 1, 1, 11, 8, 1], [1, 11, 8, 8, 8, 8, 1, 1], [1, 1, 11, 11, 11, 1, 1, 1]], [[1, 1, 8, 8, 8, 8, 1, 1], [1, 8, 1, 1, 1, 1, 8, 1], [8, 11, 11, 11, 11, 1, 1, 8], [8, 1, 1, 1, 1, 11, 1, 8], [8, 1, 14, 1, 1, 11, 1, 8], [8, 1, 1, 1, 1, 11, 1, 8], [1, 8, 1, 1, 1, 11, 8, 1], [1, 11, 8, 8, 8, 8, 1, 1]], [[1, 1, 1, 1, 1, 1, 1, 1], [11, 11, 11, 11, 11, 11, 1, 1], [1, 1, 1, 1, 1, 1, 11, 1], [1, 15, 1, 15, 1, 1, 11, 1], [1, 1, 1, 1, 1, 1, 11, 1], [1, 15, 1, 15, 1, 1, 11, 1], [1, 1, 1, 1, 1, 1, 11, 1], [1, 1, 1, 1, 1, 1, 11, 1]], [[11, 11, 11, 11, 11, 11, 11, 1], [1, 1, 1, 1, 1, 1, 1, 11], [13, 1, 1, 1, 13, 1, 1, 11], [1, 1, 1, 1, 1, 1, 1, 11], [1, 1, 1, 1, 1, 1, 1, 11], [1, 1, 1, 1, 1, 1, 1, 11], [13, 1, 1, 1, 13, 1, 1, 11], [1, 1, 1, 1, 1, 1, 1, 11]], [[1, 1, 1, 1, 1, 1, 13, 13], [1, 1, 1, 1, 1, 1, 13, 13], [1, 1, 1, 1, 1, 1, 1, 1], [1, 1, 1, 8, 0, 1, 1, 1], [1, 1, 1, 0, 8, 1, 1, 1], [1, 1, 1, 1, 1, 1, 1, 1], [1, 1, 1, 1, 1, 1, 1, 1], [1, 1, 1, 1, 1, 1, 1, 1]], [[1, 1, 1, 1, 1, 13, 1, 1], [1, 1, 1, 1, 1, 13, 1, 1], [1, 1, 1, 8, 0, 1, 13, 13], [1, 1, 8, 1, 1, 0, 1, 1], [1, 1, 0, 1, 1, 8, 1, 1], [1, 1, 1, 0, 8, 1, 1, 1], [1, 1, 1, 1, 1, 1, 1, 1], [1, 1, 1, 1, 1, 1, 1, 1]], [[1, 1, 1, 1, 13, 1, 1, 1], [1, 1, 8, 8, 0, 0, 1, 1], [1, 8, 1, 1, 13, 1, 0, 1], [1, 8, 1, 1, 1, 13, 0, 13], [1, 0, 1, 1, 1, 1, 8, 1], [1, 0, 1, 1, 1, 1, 8, 1], [1, 1, 0, 0, 8, 8, 1, 1], [1, 1, 1, 1, 1, 1, 1, 1]], [[1, 8, 8, 8, 0, 0, 0, 1], [8, 1, 1, 12, 1, 1, 1, 0], [8, 1, 1, 12, 1, 1, 1, 0], [8, 1, 1, 12, 1, 1, 1, 13], [0, 1, 1, 1, 12, 12, 12, 8], [0, 1, 1, 1, 1, 1, 1, 8], [0, 1, 1, 1, 1, 1, 1, 8], [1, 0, 0, 0, 8, 8, 8, 1]], [[1, 1, 12, 1, 1, 1, 1, 1], [1, 1, 12, 1, 1, 1, 1, 1], [1, 1, 12, 1, 1, 1, 1, 1], [1, 1, 12, 1, 1, 1, 1, 1], [1, 1, 12, 1, 1, 1, 1, 1], [1, 1, 1, 12, 12, 12, 12, 12], [1, 1, 1, 1, 1, 1, 1, 1], [1, 1, 1, 1, 1, 1, 1, 1]], [[1, 11, 1, 1, 1, 1, 1, 1], [1, 11, 1, 1, 1, 1, 1, 1], [1, 11, 1, 1, 1, 1, 1, 1], [1, 11, 1, 1, 1, 1, 1, 1], [1, 11, 1, 1, 1, 1, 1, 1], [1, 11, 1, 1, 1, 1, 1, 1], [1, 1, 11, 11, 11, 11, 11, 11], [1, 1, 1, 1, 1, 1, 1, 1]], [[11, 1, 1, 1, 1, 1, 1, 1], [11, 1, 1, 1, 1, 1, 1, 1], [11, 1, 1, 1, 1, 1, 1, 1], [11, 1, 1, 1, 1, 1, 1, 1], [11, 1, 1, 1, 1, 1, 1, 1], [11, 1, 1, 1, 1, 1, 1, 1], [11, 1, 1, 1, 1, 1, 1, 1], [1, 11, 11, 11, 11, 11, 11, 11]]],
	palette: [{ r: 255, g: 255, b: 255 }, { r: 0, g: 0, b: 0 }, { r: 255, g: 0, b: 0 }, { r: 255, g: 64, b: 0 }, { r: 255, g: 128, b: 0 }, { r: 255, g: 191, b: 0 }, { r: 255, g: 255, b: 0 }, { r: 185, g: 246, b: 30 }, { r: 0, g: 255, b: 0 }, { r: 185, g: 255, b: 255 }, { r: 0, g: 255, b: 255 }, { r: 0, g: 0, b: 255 }, { r: 145, g: 0, b: 211 }, { r: 157, g: 48, b: 118 }, { r: 255, g: 0, b: 255 }, { r: 204, g: 27, b: 126 }],
	fps: 7,
	transition: MatrixAnimationTransition.None
});
