async function startProgram() {
	playMatrixAnimation(0, true);
	await delay(18);
	await roll(175, 38, 3.2);
	clearMatrix();
	await delay(7);
	playMatrixAnimation(1, true);
	overrideMatrixAnimationFramerate(5);
	await roll(301, 58, 2.75);
	setSpeed(56);
	await spin(360, 6.7);
	stopRoll();
	await spin(100, 1);
	stopRoll();
	await roll(45, 26, 7);
	stopRoll();
	clearMatrix();
	await delay(22);
	playMatrixAnimation(2, true);
	overrideMatrixAnimationFramerate(5);
	await roll(115, 30, 3);
	await roll(0, 24, 4);
	stopRoll();
	await roll(270, 24, 4);
	stopRoll();
	await roll(180, 18, 4);
	stopRoll();
	clearMatrix();
	playMatrixAnimation(3, true);
	await delay(5);
	await spin(-90, 1);
	await delay(2);
	await spin(90, 1);
	await roll(0, 24, 6);
}

registerMatrixAnimation({
	frames: [[[1, 1, 1, 1, 1, 1, 1, 1], [1, 0, 0, 1, 1, 0, 0, 1], [0, 2, 2, 0, 0, 3, 3, 0], [0, 2, 2, 2, 2, 2, 3, 0], [0, 2, 2, 2, 2, 2, 2, 0], [1, 0, 2, 2, 2, 2, 0, 1], [1, 1, 0, 2, 2, 0, 1, 1], [1, 1, 1, 0, 0, 1, 1, 1]], [[1, 1, 1, 1, 1, 1, 1, 1], [1, 0, 0, 1, 1, 0, 0, 1], [0, 2, 2, 0, 0, 1, 1, 0], [0, 2, 2, 2, 1, 1, 1, 0], [0, 2, 2, 2, 2, 2, 2, 0], [1, 0, 2, 2, 2, 2, 0, 1], [1, 1, 0, 2, 2, 0, 1, 1], [1, 1, 1, 0, 0, 1, 1, 1]], [[1, 1, 1, 1, 1, 1, 1, 1], [1, 0, 0, 1, 1, 0, 0, 1], [0, 2, 2, 0, 0, 1, 1, 0], [0, 2, 2, 2, 1, 1, 1, 0], [0, 2, 2, 2, 1, 1, 1, 0], [1, 0, 2, 2, 1, 1, 0, 1], [1, 1, 0, 2, 1, 0, 1, 1], [1, 1, 1, 0, 0, 1, 1, 1]], [[1, 1, 1, 1, 1, 1, 1, 1], [1, 0, 0, 1, 1, 0, 0, 1], [0, 2, 2, 0, 0, 1, 1, 0], [0, 2, 2, 2, 1, 1, 1, 0], [0, 1, 1, 1, 1, 1, 1, 0], [1, 0, 1, 1, 1, 1, 0, 1], [1, 1, 0, 1, 1, 0, 1, 1], [1, 1, 1, 0, 0, 1, 1, 1]], [[1, 1, 1, 1, 1, 1, 1, 1], [1, 0, 0, 1, 1, 0, 0, 1], [0, 1, 1, 0, 0, 1, 1, 0], [0, 1, 1, 1, 1, 1, 1, 0], [0, 1, 1, 1, 1, 1, 1, 0], [1, 0, 1, 1, 1, 1, 0, 1], [1, 1, 0, 1, 1, 0, 1, 1], [1, 1, 1, 0, 0, 1, 1, 1]], [[1, 1, 1, 1, 1, 1, 1, 1], [1, 0, 0, 1, 1, 0, 0, 1], [0, 2, 2, 0, 0, 1, 1, 0], [0, 2, 2, 2, 1, 1, 1, 0], [0, 1, 1, 1, 1, 1, 1, 0], [1, 0, 1, 1, 1, 1, 0, 1], [1, 1, 0, 1, 1, 0, 1, 1], [1, 1, 1, 0, 0, 1, 1, 1]], [[1, 1, 1, 1, 1, 1, 1, 1], [1, 0, 0, 1, 1, 0, 0, 1], [0, 2, 2, 0, 0, 1, 1, 0], [0, 2, 2, 2, 1, 1, 1, 0], [0, 2, 2, 2, 1, 1, 1, 0], [1, 0, 2, 2, 1, 1, 0, 1], [1, 1, 0, 2, 1, 0, 1, 1], [1, 1, 1, 0, 0, 1, 1, 1]], [[1, 1, 1, 1, 1, 1, 1, 1], [1, 0, 0, 1, 1, 0, 0, 1], [0, 2, 2, 0, 0, 1, 1, 0], [0, 2, 2, 2, 1, 1, 1, 0], [0, 2, 2, 2, 2, 2, 2, 0], [1, 0, 2, 2, 2, 2, 0, 1], [1, 1, 0, 2, 2, 0, 1, 1], [1, 1, 1, 0, 0, 1, 1, 1]], [[1, 1, 1, 1, 1, 1, 1, 1], [1, 0, 0, 1, 1, 0, 0, 1], [0, 2, 2, 0, 0, 3, 3, 1], [0, 2, 2, 2, 2, 2, 3, 0], [0, 2, 2, 2, 2, 2, 2, 0], [1, 0, 2, 2, 2, 2, 0, 1], [1, 1, 0, 2, 2, 0, 1, 1], [1, 1, 1, 0, 0, 1, 1, 1]]],
	palette: [{ r: 204, g: 27, b: 126 }, { r: 0, g: 0, b: 0 }, { r: 242, g: 108, b: 172 }, { r: 255, g: 187, b: 252 }, { r: 255, g: 128, b: 0 }, { r: 255, g: 191, b: 0 }, { r: 255, g: 255, b: 0 }, { r: 185, g: 246, b: 30 }, { r: 0, g: 255, b: 0 }, { r: 185, g: 255, b: 255 }, { r: 0, g: 255, b: 255 }, { r: 0, g: 0, b: 255 }, { r: 145, g: 0, b: 211 }, { r: 157, g: 48, b: 118 }, { r: 255, g: 0, b: 255 }, { r: 204, g: 27, b: 126 }],
	fps: 10,
	transition: MatrixAnimationTransition.None
});
registerMatrixAnimation({
	frames: [[[1, 1, 6, 6, 6, 6, 1, 1], [1, 6, 6, 6, 6, 6, 6, 1], [6, 6, 1, 6, 6, 1, 6, 6], [6, 6, 1, 6, 6, 1, 6, 6], [6, 6, 6, 6, 6, 6, 6, 6], [6, 6, 6, 1, 1, 6, 6, 6], [1, 6, 1, 1, 1, 1, 6, 1], [1, 1, 6, 6, 6, 6, 1, 1]], [[1, 1, 6, 6, 6, 6, 1, 1], [1, 6, 6, 6, 6, 6, 6, 1], [6, 6, 1, 6, 6, 1, 6, 6], [6, 6, 1, 6, 6, 1, 6, 6], [6, 6, 6, 1, 1, 6, 6, 6], [6, 6, 6, 1, 1, 6, 6, 6], [1, 6, 6, 1, 1, 6, 6, 1], [1, 1, 6, 6, 6, 6, 1, 1]], [[1, 1, 6, 6, 6, 6, 1, 1], [1, 6, 6, 6, 6, 6, 6, 1], [6, 1, 1, 6, 6, 1, 1, 6], [6, 6, 1, 6, 6, 1, 6, 6], [6, 6, 9, 6, 6, 9, 6, 6], [6, 6, 6, 1, 1, 6, 6, 6], [1, 6, 1, 1, 1, 1, 6, 1], [1, 1, 6, 6, 6, 6, 1, 1]], [[1, 1, 1, 0, 1, 1, 1, 1], [1, 2, 1, 1, 0, 1, 2, 1], [2, 2, 2, 0, 1, 2, 2, 2], [2, 2, 2, 1, 0, 2, 2, 2], [1, 2, 2, 0, 1, 2, 2, 1], [1, 1, 2, 1, 0, 2, 1, 1], [1, 1, 1, 0, 1, 1, 1, 1], [1, 1, 1, 1, 0, 1, 1, 1]], [[1, 1, 1, 1, 0, 1, 1, 1], [1, 2, 1, 0, 1, 1, 2, 1], [2, 2, 2, 1, 0, 2, 2, 2], [2, 2, 2, 0, 1, 2, 2, 2], [1, 2, 2, 1, 0, 2, 2, 1], [1, 1, 2, 0, 1, 2, 1, 1], [1, 1, 1, 1, 0, 1, 1, 1], [1, 1, 1, 0, 1, 1, 1, 1]]],
	palette: [{ r: 255, g: 255, b: 255 }, { r: 0, g: 0, b: 0 }, { r: 255, g: 0, b: 0 }, { r: 255, g: 16, b: 0 }, { r: 255, g: 128, b: 0 }, { r: 255, g: 191, b: 0 }, { r: 255, g: 255, b: 0 }, { r: 185, g: 246, b: 30 }, { r: 0, g: 255, b: 0 }, { r: 185, g: 255, b: 255 }, { r: 0, g: 255, b: 255 }, { r: 0, g: 0, b: 255 }, { r: 145, g: 0, b: 211 }, { r: 157, g: 48, b: 118 }, { r: 255, g: 0, b: 255 }, { r: 204, g: 27, b: 126 }],
	fps: 10,
	transition: MatrixAnimationTransition.None
});
registerMatrixAnimation({
	frames: [[[1, 1, 6, 6, 6, 6, 1, 1], [1, 6, 6, 6, 6, 6, 6, 1], [6, 6, 1, 6, 6, 1, 6, 6], [6, 6, 1, 6, 6, 1, 6, 6], [6, 6, 6, 6, 6, 6, 6, 6], [6, 6, 1, 1, 1, 1, 6, 6], [1, 6, 6, 6, 6, 6, 6, 1], [1, 1, 6, 6, 6, 6, 1, 1]], [[1, 1, 6, 6, 6, 6, 1, 1], [1, 6, 6, 6, 6, 6, 6, 1], [6, 6, 1, 6, 6, 1, 6, 6], [6, 6, 1, 6, 6, 1, 6, 6], [6, 6, 6, 6, 6, 6, 6, 6], [6, 6, 6, 1, 1, 6, 6, 6], [1, 6, 1, 6, 6, 1, 6, 1], [1, 1, 6, 6, 6, 6, 1, 1]], [[1, 1, 6, 6, 6, 6, 1, 1], [1, 6, 6, 6, 6, 6, 6, 1], [6, 6, 1, 6, 6, 1, 6, 6], [6, 6, 1, 6, 6, 1, 6, 6], [6, 6, 6, 6, 6, 6, 6, 6], [6, 6, 1, 1, 1, 1, 6, 6], [1, 6, 6, 6, 6, 6, 6, 1], [1, 1, 6, 6, 6, 6, 1, 1]], [[1, 1, 6, 6, 6, 6, 1, 1], [1, 6, 6, 6, 6, 6, 6, 1], [6, 6, 1, 6, 6, 1, 6, 6], [6, 6, 1, 6, 6, 1, 6, 6], [6, 6, 6, 6, 6, 6, 6, 6], [6, 6, 1, 1, 1, 1, 6, 6], [1, 6, 6, 1, 1, 6, 6, 1], [1, 1, 6, 6, 6, 6, 1, 1]]],
	palette: [{ r: 255, g: 255, b: 255 }, { r: 0, g: 0, b: 0 }, { r: 255, g: 0, b: 0 }, { r: 255, g: 16, b: 0 }, { r: 255, g: 128, b: 0 }, { r: 255, g: 191, b: 0 }, { r: 255, g: 255, b: 0 }, { r: 185, g: 246, b: 30 }, { r: 0, g: 255, b: 0 }, { r: 185, g: 255, b: 255 }, { r: 0, g: 255, b: 255 }, { r: 0, g: 0, b: 255 }, { r: 145, g: 0, b: 211 }, { r: 157, g: 48, b: 118 }, { r: 255, g: 0, b: 255 }, { r: 204, g: 27, b: 126 }],
	fps: 10,
	transition: MatrixAnimationTransition.None
});
registerMatrixAnimation({
	frames: [[[1, 1, 1, 1, 1, 1, 1, 1], [1, 2, 2, 1, 1, 2, 2, 1], [2, 2, 2, 2, 2, 2, 2, 2], [2, 2, 2, 2, 2, 2, 2, 2], [1, 2, 2, 2, 2, 2, 2, 1], [1, 1, 2, 2, 2, 2, 1, 1], [1, 1, 1, 2, 2, 1, 1, 1], [1, 1, 1, 1, 1, 1, 1, 1]], [[1, 1, 1, 1, 1, 1, 1, 1], [1, 2, 2, 1, 1, 2, 2, 1], [2, 2, 2, 2, 2, 2, 2, 2], [2, 2, 2, 2, 2, 2, 2, 2], [1, 2, 2, 2, 2, 2, 2, 1], [1, 1, 2, 2, 2, 2, 1, 1], [1, 1, 1, 2, 2, 1, 1, 1], [1, 1, 1, 1, 1, 1, 1, 1]], [[1, 1, 1, 1, 1, 1, 1, 1], [1, 2, 2, 1, 1, 2, 2, 1], [2, 2, 2, 2, 2, 2, 2, 2], [2, 2, 2, 2, 2, 2, 2, 2], [1, 2, 2, 2, 2, 2, 2, 1], [1, 1, 2, 2, 2, 2, 1, 1], [1, 1, 1, 2, 2, 1, 1, 1], [1, 1, 1, 1, 1, 1, 1, 1]], [[1, 1, 1, 1, 1, 1, 1, 1], [1, 2, 2, 1, 1, 2, 2, 1], [2, 2, 2, 2, 2, 2, 2, 2], [2, 2, 2, 2, 2, 2, 2, 2], [1, 2, 2, 2, 2, 2, 2, 1], [1, 1, 2, 2, 2, 2, 1, 1], [1, 1, 1, 2, 2, 1, 1, 1], [1, 1, 1, 1, 1, 1, 1, 1]], [[1, 1, 1, 1, 1, 1, 1, 1], [1, 2, 2, 1, 1, 2, 2, 1], [2, 2, 2, 2, 2, 2, 2, 2], [2, 2, 2, 2, 2, 2, 2, 2], [1, 2, 2, 2, 2, 2, 2, 1], [1, 1, 2, 2, 2, 2, 1, 1], [1, 1, 1, 2, 2, 1, 1, 1], [1, 1, 1, 1, 1, 1, 1, 1]], [[1, 1, 1, 1, 1, 1, 1, 1], [1, 2, 2, 1, 1, 2, 2, 1], [2, 2, 2, 2, 2, 2, 2, 2], [2, 2, 2, 2, 2, 2, 2, 2], [1, 2, 2, 2, 2, 2, 2, 1], [1, 1, 2, 2, 2, 2, 1, 1], [1, 1, 1, 2, 2, 1, 1, 1], [1, 1, 1, 1, 1, 1, 1, 1]], [[1, 1, 1, 1, 1, 1, 1, 1], [1, 2, 2, 1, 1, 2, 2, 1], [2, 2, 2, 2, 2, 2, 2, 2], [2, 2, 2, 2, 2, 2, 2, 2], [1, 2, 2, 2, 2, 2, 2, 1], [1, 1, 2, 2, 2, 2, 1, 1], [1, 1, 1, 2, 2, 1, 1, 1], [1, 1, 1, 1, 1, 1, 1, 1]], [[1, 2, 2, 1, 1, 2, 2, 1], [2, 2, 2, 2, 2, 2, 2, 2], [2, 2, 2, 2, 2, 2, 2, 2], [2, 2, 2, 2, 2, 2, 2, 2], [2, 2, 2, 2, 2, 2, 2, 2], [1, 2, 2, 2, 2, 2, 2, 1], [1, 1, 2, 2, 2, 2, 1, 1], [1, 1, 1, 2, 2, 1, 1, 1]], [[2, 2, 2, 2, 2, 2, 2, 2], [2, 2, 2, 2, 2, 2, 2, 2], [2, 2, 2, 2, 2, 2, 2, 2], [2, 2, 2, 2, 2, 2, 2, 2], [2, 2, 2, 2, 2, 2, 2, 2], [2, 2, 2, 2, 2, 2, 2, 2], [1, 2, 2, 2, 2, 2, 2, 1], [1, 1, 2, 2, 2, 2, 1, 1]], [[1, 2, 2, 1, 1, 2, 2, 1], [2, 2, 2, 2, 2, 2, 2, 2], [2, 2, 2, 2, 2, 2, 2, 2], [2, 2, 2, 2, 2, 2, 2, 2], [2, 2, 2, 2, 2, 2, 2, 2], [1, 2, 2, 2, 2, 2, 2, 1], [1, 1, 2, 2, 2, 2, 1, 1], [1, 1, 1, 2, 2, 1, 1, 1]], [[1, 1, 1, 1, 1, 1, 1, 1], [1, 2, 2, 1, 1, 2, 2, 1], [2, 2, 2, 2, 2, 2, 2, 2], [2, 2, 2, 2, 2, 2, 2, 2], [1, 2, 2, 2, 2, 2, 2, 1], [1, 1, 2, 2, 2, 2, 1, 1], [1, 1, 1, 2, 2, 1, 1, 1], [1, 1, 1, 1, 1, 1, 1, 1]], [[1, 1, 1, 1, 1, 1, 1, 1], [1, 1, 3, 1, 1, 3, 1, 1], [1, 2, 2, 3, 3, 2, 2, 1], [1, 2, 2, 2, 2, 2, 2, 1], [1, 1, 2, 2, 2, 2, 1, 1], [1, 1, 1, 2, 2, 1, 1, 1], [1, 1, 1, 1, 1, 1, 1, 1], [1, 1, 1, 1, 1, 1, 1, 1]], [[1, 1, 1, 1, 1, 1, 1, 1], [1, 2, 2, 1, 1, 2, 2, 1], [2, 2, 2, 2, 2, 2, 2, 2], [2, 2, 2, 2, 2, 2, 2, 2], [1, 2, 2, 2, 2, 2, 2, 1], [1, 1, 2, 2, 2, 2, 1, 1], [1, 1, 1, 2, 2, 1, 1, 1], [1, 1, 1, 1, 1, 1, 1, 1]], [[1, 2, 2, 1, 1, 2, 2, 1], [2, 2, 2, 2, 2, 2, 2, 2], [2, 2, 2, 2, 2, 2, 2, 2], [2, 2, 2, 2, 2, 2, 2, 2], [2, 2, 2, 2, 2, 2, 2, 2], [1, 2, 2, 2, 2, 2, 2, 1], [1, 1, 2, 2, 2, 2, 1, 1], [1, 1, 1, 2, 2, 1, 1, 1]], [[2, 2, 2, 2, 2, 2, 2, 2], [2, 2, 2, 2, 2, 2, 2, 2], [2, 2, 2, 2, 2, 2, 2, 2], [2, 2, 2, 2, 2, 2, 2, 2], [2, 2, 2, 2, 2, 2, 2, 2], [2, 2, 2, 2, 2, 2, 2, 2], [1, 2, 2, 2, 2, 2, 2, 1], [1, 1, 2, 2, 2, 2, 1, 1]], [[1, 2, 2, 1, 1, 2, 2, 1], [2, 2, 2, 2, 2, 2, 2, 2], [2, 2, 2, 2, 2, 2, 2, 2], [2, 2, 2, 2, 2, 2, 2, 2], [2, 2, 2, 2, 2, 2, 2, 2], [1, 2, 2, 2, 2, 2, 2, 1], [1, 1, 2, 2, 2, 2, 1, 1], [1, 1, 1, 2, 2, 1, 1, 1]], [[1, 1, 1, 1, 1, 1, 1, 1], [1, 2, 2, 1, 1, 2, 2, 1], [2, 2, 2, 2, 2, 2, 2, 2], [2, 2, 2, 2, 2, 2, 2, 2], [1, 2, 2, 2, 2, 2, 2, 1], [1, 1, 2, 2, 2, 2, 1, 1], [1, 1, 1, 2, 2, 1, 1, 1], [1, 1, 1, 1, 1, 1, 1, 1]], [[1, 1, 1, 1, 1, 1, 1, 1], [1, 1, 3, 1, 1, 3, 1, 1], [1, 2, 2, 3, 3, 2, 2, 1], [1, 2, 2, 2, 2, 2, 2, 1], [1, 1, 2, 2, 2, 2, 1, 1], [1, 1, 1, 2, 2, 1, 1, 1], [1, 1, 1, 1, 1, 1, 1, 1], [1, 1, 1, 1, 1, 1, 1, 1]]],
	palette: [{ r: 255, g: 255, b: 255 }, { r: 0, g: 0, b: 0 }, { r: 255, g: 0, b: 0 }, { r: 46, g: 1, b: 1 }, { r: 255, g: 128, b: 0 }, { r: 255, g: 191, b: 0 }, { r: 255, g: 255, b: 0 }, { r: 185, g: 246, b: 30 }, { r: 0, g: 255, b: 0 }, { r: 185, g: 255, b: 255 }, { r: 0, g: 255, b: 255 }, { r: 0, g: 0, b: 255 }, { r: 145, g: 0, b: 211 }, { r: 157, g: 48, b: 118 }, { r: 255, g: 0, b: 255 }, { r: 204, g: 27, b: 126 }],
	fps: 24,
	transition: MatrixAnimationTransition.None
});
